708 11611111111111

1611111111 1 284, 19. 941, 19. 1111111111 297, 10.

11116111 11111111111608, 14. 11. 11111111 151, 17.

1611611111 11188, 19. 170, 5. 206, 26. 1111111111 unitoriam prope Hippu-

Eumpu Agenoris 911111 282, 2 11611 1111 11 602, 10.
pm1159‚2u.11159u.

Europa Sicyoniomuu 111 111114. (ludes 1 269, 12.

6161611111 1161311111111111111· (611111111111. Ι

11111111 961, 17. (11111611 196, 22.

1111161111459, 2211 206, 22606, (11111 111111611111111111111168.10.

28. 904, 8. 592, 2, 16. 286, 11. 966, 2. 667, 9, 11. 968,11.

699, 27. 640, 6, 14. 644, 11. ,
11.116111011111111111,21. (11111 (1. 111111) Roman ceperunt!
1116111111 1. Pyrrhus. 116111111111 62,17.94,24.117,26.198,8,12.

1111111111 106, 26. 156, 26. 26. 157, 6. 159, 24. 170,
sutum 1 216, 2(11.219, 12). 215, 24. 24. 200, 26. 247, 11. 1111111111 611

221, 19. 222 1. 228, 16, 225 1. 228, immolabunt 1 628, 28 philosophi

14. 260, 27. 292, 12. 1669, 5.
munus 1 191. 16. 662, 2. 11 287. (1111111. (1111111111111, 1111111611

16, 24. (1101111111 1 (11. 1111111 proconsule
Fuuutuluu 11 296, 19. uicti 1 147, 21.

1116111179, 2. 126, 4. 152, 5, 20. (1111111611 1 195, 28. 669, 18. 11

182, 26. 102, 6. 284, 17.

Februarius 1 912, 10, 11. (111111111111111111521,29.627,20.
11161111 1 612, 12. 61111111 1111111611 11 288, 9.
Felici& 1184, 25- 165, 14. 18619. Gaudentius u. Honorius.

1881. 189, 21, 27. 190, 2. 1911. Gemini (quibui oonsulibus (16111161

192 1. 196 u 195, 2. 299, 9. 604, 111111111911 960, 27.

20. 606, 6. 622, 24. (11111119027 (16111111111116111
9111111 Ι 189, 29. 11111611 111111111111111). 921, 9, 20.
Fiden 1 181, 1, 1. 115, 11, 11. 111, 11. 111, u.
Fimbria, Marianarum 11111111 humo (11111111 180, 26. 188, 15.

11161111111111 euertit 1 115, 27, 1111111111 11 166, 21.

60. 116, 11. 117, 21, 22. 154,18. (1111111111 martyr 11161111111111 11
Flaccianus u. Sibyll· Erythrum. 597, 2. 606, 6.

1111111 105, 1. 176, 1. (1161114566.
111111611111611111111111111111604,6. (111111 11116111 166, 8.
1111111111 6111 1 179, 15, 16. 284, 10. (11111 Η1111111111Π658, 17. 659, 17,
1111611111 178, 16, 22 (barbata 11. Gigantes 1 202, 241 11. 114, 6. 11
, 1.2611270,28.271,4,1111851. 111, 9, 19 28. 112, 9. 116, 25.
186 1. (12 muliebria). 906, 9, 14. 1141.
3⁰7· 6, 12· 1111111111 128, 12, 16, 21. 156, 12.

. 1111161111 1 169, 7. 167, 24. 168, 18. 267, 16.

inguini 66. 18. cog ei Magog 11 56, 1, 8. 1111111-

 

