 

graecorum et latinorum. 698

Varro, r. «lin. 1. XIV fr. 95 ............... 1 188, 19.
96 ...................... 1187, 2.
97 ...................... 1 187, 26.
98 ....... -Ῑ 189, 9. 199, 24. 806, 2. 807, 2. 819, 15.
1042 .................. 1 178, 15. 284, 10.
109 ...................... 1 297, 10.
1. XV fr. 1 .................... 1 826, 8.
8 b ...................... Ι 844, 2.
4 ...................... 1 848, 18.
7 ...................... Ι 192, 10.
9ι ...................... 1 402, 22.
18ι ...................... Ῑ 285, 5.
1. xvl fr. 1 .................... 1 802, 6.
2 ............... 1 810, 7. 841, 17. 849, 8.
3 ............ 1 311, 5. 816, 4. 845, 2. 854, 9.
4 ...... 1 821, 12. 826, 28. 881, 28. 882, 26. 845, 19.
6 .................. 1 808, 25. 810, 8.
7 ...................... 1 826, 11.
8 a ...................... Ι 848, 11.
81) .............. 1 812, 4. 816, 18. 817, 9.
9 ........... 1 312, 6. 818, 1. 815, 10. 845, 16.
10 .................. 1 808, 7. 818, 12.
11 ...................... 1 814, 6.
12 ................... 1 808, 7. 814, 1.
18 ...................... 1 814, 11.
14 .............. 1 814, 22. 815, 7. 845, 16.
-15 ............... . ....... 1 815, 1.
16 .................. 1 817, 9. 818, 15,
17 .................. 1 825, 14. 829, 10.
18 ...................... 1 818, 4.
19, .................... 1 819, 15, 22.
2οι .................. 1 821, 4. 828, 8.
21 ..................... 1 827, 8, 18.
22 ............... 1 288, 6 828, 4. 889, 20.
28 ...................... 1 828, 20.
24 .................. 1 328, 26. 889, 26.
25 ..................... 1 829, 6.
26 ....................... 1 829, 18.
27 .................... , . . 1 288, 8.
28 ...................... 1 829, 15.
29 . .· .................... 1 821, 9.
30 ., .......... . ....... I 821, 24. 845, 20.

81 ...................... Ῑ822, 9.

