 

ut rurum.. 755

11. 422, 25. 451 ι. 452 ι. 452 ι.
454, 5. 425, Π, 27. 455 ι. 457 ι.
455 ι. 452 ι. 445, Τ, 15, 22. 442 ι.
445, 5, 2. 455, 25. 455, 1. 455, 15.
425, 12. 451, 15. 452, 5, fl. 15. 425,
22. 422, 12, 22. 425, 15. 555, 7.
552, 4, 12. 545, 24, 25. 552, 211
24, 15. 274, 11 ’1. 2ῑ5, 12. 255, 5.-
255, 15, 22. 225, 11, 14, 12. 251,
2, 24. 252, 5, 15. 251, 5. 551, 22.
¹ 557, 25. 552. 2. 514, 22. affl. 15,
Jl 15. 452, 25. 452, 5. 415, 15. 414,
21. 415, 41 15, 51. 415. 25, 211. 411,
5, 11. 425. 11. 425.. 11, 24, 22.
454, 15. 422, fl.. 514, 15. 525 ι.
aad. a. 537, 13. flu. aaa. ε. mm.
552, 5. 555, 25. 551. 25. 555. ’1.
554, 4. 514, 5. ΕΠ, 2, 15, 12. 555,

cumae u. Apnlla. Graeci. 31113113. ¹

[lunian- Ι 122, 5. 122, 15. ΠΕ, m.
152, 2. 124, 24. 255, 5.

Gurintii 1 125, 15, 12, 22. 122, 1.,

flattina 1 122, 12. 241, 21. 245, 5.

[luruhiu prope [luthaginm H 552,
4. curubitanus quidam ι 111111]ιὶ
baptismum 11111111 *flecma unt Π
551, 23.

Cynici ΙΙ 42, 15, 25. su.. 2. 255, 25.
25ῗ, 14, 25, 21. 255, 21, 25. 252,
2. 222, 25. 455, 5.

Csnueephalm duu- Ι ’12, 2. 122, 5.
(13555511ὴῶ ΙΙ 122, 15.

cyprinum 1 455, H.

estun πει Petam-um eti-m Chaldaei-
et ..inpiis imparabat 1 115, 15. ῘΙ
552, 22ς ef. 1 HT. 22.

emaum u. hdr-ntus.

  
   
  
 

15. 522, 2.
*immuni* 1 54, 14. 122, 21. 13222.
nnuman 11 254, 4. ’ 122, l. 125, 12. 251, 1. 222, 15..
damnum: [ιι. sspnleiun. fluuii. Pnrphj· 1 254, 25. 255, 21.. am, 14, 21. 232,
rint} Ι 55, 15. 55, 22. 54, m 52, 5. 245, 12. 222, 12, 21. m. 15.
15. w. 5. 24, 1. 22, 12, Π. 22, 24. 4211. 2. 421, 2. 11 554, B.
22, 12, 24. 155, 5. 151, Β. 152, 1, Daune 1 33. 22. ΙΙ 254, 15.
12, 21. 154, 12. 152, 2. 152, 2, 24, Dan-‚i Ι fi. 12.
22. ΙΠ, 5. 125, 2ῗ. 122, 1. 141, Duum Aegimurum m ΙΙ 221, 2, 22.
25. 152, 5. 154, 25. 155, fi. 155, ᾖ 11151151 tempu: qun nautum· suerat
15. 122, 4. 122. 1. 254, 25. 255, 5. ’ cari-m dafiniuit Π 212. 22. 22.
221, 2. 245, 25. 255 a. 252, fi. 3. Datin: Iudai! libanum reddidit II
12. 252, 4. 275, 12, 12. 221, 22. 252.. 23. 25.
252, 12. 252, 15. 222, 12, 25. 2211, fluam Π 122, 25.
12. 221, ’1. 524, 25. ΒΗΤ, Π. affl. Dauid ΙΙ 21, 22, 51- 22, 5. lffl'. 12,
12. 242, 25. 244, 12. 545, 15. 255, 22. 252, 22. wa. 4, ῗ. 254, 15, 21.
15, 21. 251, ’1. 552, 3. 15. 353.. 2, 255, 25. 252, 2. mu. 5, 15. 221,
15. 551, 15. affl. 24, 22. ΞΠ ι. 27. 222, 2, 2. 222, 2, 15. 222, 15,
212 ε. 255 ιι. 221 ι. 554, 1, 5, 22. , 12. 222, 15, 12, 24. 254, 5, fl. 225 a.
255, 12, 25, 22. 227 ι. 225 ι. 352 ιι. 225 ι. 221*- 4. 25. 222 ι. 245, 21.
325 ι. anan. 225, 21. affl. ¹2. 522, 241, 15, 25, 24. 242, 12. 242 ε.
5. 455 ι. 454, 14. 455, 2. 454, 11. 245 Ι. m ι. 242, 15. 255, 2. 257,
455, 1. 455, 25. m? ι. 452 ι. 452 ι. 15, 12 252, 25, 22, 25. 253, 22.
415, 2. 415, 12. 421. 12. 422, 22. 224, 5, 2. 255, 25. 225 Ι. 555, 2.
422 ι. 425 ι. 425, 2, ln. ¹23. 427, 5, 552, 25.

11 Η mc. *pam aaa· ’ff pm ιι. 45

