 

Gen. 42, 555511 1 . .111flfl,12·1.R=3.15,23-qq. 111222, 21
4211511 112‘5‘421.R4R.⁵:11.R4‚Ruuq.¹ 111111 ΠΜΛῧ.

55, 22 ........ ΙΙ 127, 51 24, 7 ........ 11258, 151
Ειιιι115,1411575,121555,27121Εῡς12,1ιι]ιῃ111224, R.
5,11ψ;, 1111111 111514, 41,2,11 11111111 Π524, 21
ln, 4 11111111 11 155, 251 ’1, R *qq 1111111 ΙΙ 252, 25.
12, R'i' 11111111 ῙΙ 74, 251 7, m aq . 11 244, R, 12.
15, 21 11111111 Ι 475, 151 7, 11 11111111 11 245, ER.
17, 5 11111111 Ι 545, 151 ’1, 14 *q 111111 Π 225, 251
25, 12 sqq. 1 1 1 1 1 1 1Ῑ 554, 12. 2, 12 1111111 Π 245, 141
22, 15 11111111 Ι 57, 241 ’1, 27 11111111 Π 242, ffl
25, 15 1 1 1 111111 1 52, 25. T, 22 1111111 Π 243, 15
21, 24 11111111 ΙΙ 552, 111 12, 1 1111111 11. 225, 2
22, 22 1 1 1 1. 1 451, 121 457, 17. 15, 24 11111111 11 221, 25
ΙῙ 415, 221 412, 221 51 Bag 1 2 11111 ΙΙ 257, RE
415, 101412, 41 11, 4 11111111 ΙΙ 22, 2
25, 7 11111111 ΙΙ 154, 251 11, 12 11111111 11 252, 22
51,151111.1111ΙΙ 211127. 12,24 111111 1ΙΙ255,7
52515511111111122, 5115 lnqq 111111 111245,22
33,13........luam-1141& 11111111 Π254,2
42, 54 tq. ...... Ι 475, 171 12, 15 11111111 11 254, 2
Leuit. 15, 5 111425, 151571, 121 41 Reg· 2, 5 11111 ΙΙ 552, 11
25,121111111111551ἰ,22 1 2,14 11111111 Π552,111
numm, 11 11111 1 545,1515,25 1 1 1111555,171552,151
1155515114 111111 [15521512 4111111111452221
54,7 11111111 Π55,51Ριι-1,122221111ΙῙΕ25,24.
54,15111’ 11111 ΙΙ254,2412Ριι-12,2211111Π525,241
1n=.1,1uqq 111111 11 252, 2150, 'R 11111111 l 447, ἶ.
5, 15 aq. 111111 Ι 475, 221 Inh 1,1 sqq. . . .. . 11 545, 151
4,]15 1 1 .. ..... 11552, m. 1, 21 11111111 Ῑ 12, R.
5,22 11111111 14751251 ῗ,1111111555,1,11542212
15, 13 11111111 11531, 251 544, 41
24, 2 11111111 1115515114, 4 1 1 111111 Π 425,25 1
11141515 1111111 11 255,14115, 15 11111111 11 154, 15.
11,5211111111Ῑ4[Ι,1,112,251111111.Π1551151
13,15 11111111 Ι mn, R. R4, 30 11111111 Ι 255, 141
15, 51] 11111111 I 42, R. 33, 7 11111111 1524, 111
1125312, 1-15 1 ..11 212, 211 affl, 14 . . 1 1 534, 21]. 555, 151
2, 27- 55 111111 11 220,15142, 5 aq. 111111 11 552, 25
2,5ῡ 11111111 ῙΙ225Ὴ14ΡΒ1111ίῠῖῙΙ2452424ᾆ5)
5,,11ιιᾳς1111111147ἣ71,541 1111111 ΙΙ57,41
7 quq 1111111 1Ῑ252, R. 3, 5 11111111 ΙΙ255,115
15 15 aq 111111 11 affl, 22 4 2 111111111 11 145, 25

 

1111 aaut. υμει amun *a* μη Ιι. 43

