 

grumorum ot hunorum. 695

Vergilius, Aen. 1, 12 ............ · ...... 1 440, 11.
1, 40 ................ 1 174, 12. 805, 4.
1, 07 oq. .................. 1 7,18.
1. 278 oq. .................. 1 107, 22.
1, 279 sqq ................... 1 284, 9.
1, 281 tq. .................. 1 124, 0.
1, 284 .................... 11100, 5.
1, 410 .................... 1159, 7.
2,107 nqq ................... 1 0,14.
2, 298 ............... , . . . . 1 8,1.
2, 319 oqq ................... 1 7, 24.
2,8513(ι. ....194,17.102,10.1125110,011712.

129, 9. 181, 19. 182, 24.
2, 501 tq. .................. 1 0, 12.
2, 094 .................... 11 492, 22.
2, 701 sqq ................... 1 9, 12.
8, 97 .................... 11 100, 5.
8, 488 sq. .................. 1 482, 19.
4, 449 .................... 1 414, 17.
4, 487 :qq ................... 11 520, 12.
4, 489 .................... 11 582, 8·
4, 492 tq. .................. 1 885, 22.
4, 542 .................... 1 110, 20.
4, 592 .............. · ...... 11 187,12.
5, 802 .................... 1 808,14.
5, 810 sq. ............ - ...... 1 111, 5.
0, 278 .............. - ...... 11.17,10.
0, 484 sqq ................... 1 85, 24.
0, 004 .................... 11 579, 25.
0, 719 sqq ............... 11 10, 22.510, 18.
0, 780 tq. .................. 11 5, 24.
0, 788 sqq ..... 110, ·8. 14, 15.17,15.510,14.542,11.
0,.75οη ............. -. 1501,10.,042 l.
0, 751 ......... .· .......... 11 058, 8.
0, 707 .................... 11295,1.
6,814·q. ...... , ...... 1127,22.
0, 820 sqq ............... 1 184, 4. 240,18.
0, 847 sqq ................... Ι 284, 24.
0, 858 ................. 1 4, 7. 11, 9.
7, 200 .................... 1 258, 18.
7, 810 .................... 1 482, 10.
7, 818 .................... 1 124, 11.
⁷, 333 ................. 1 72, ιτ. 335, 3. ’

