202 1333333313313

·B⁸ebiu⁸ 3333 3133331313 1331333111 L. 133133 Bm Ι 34, 12. 833, 7.
interiit 1 154, 13. 133, 34 134, 13, 17, 34 135, 3.

31333333 flumen 33333 033333ςί3313 4, 3. 343, 1, 10.
nunc 113313333 11 303, 22. Bruttii 1 133, 3.

311131 11 334, 3. 333333 Ι 134, 33. 303, 13.

01. Lucilius 831033 (3 0133333313 3331313 11 m, 17.
libri· 33 3333331 333333 13333333)

3 333, 10. 333, 24. 313 13. ’ 333 11 3311333333.

331333 Assyriorum 333 11, 371, 4. 03331113· 3333133 maledixit 0333311
(3133 Xerxen). 373, 3. 374, 17. 71,1. 75, 10.

barbari (u. 033131)13,3.153,15.11, 033133313 313331333410335.
337, 13. 453, 3. 033133 3333331 33333 1 333, 3, 3, 10.

Barnabas 1 430, 7. 033333 (3 ento 1131333313) 1 112. 3

333331 Hieremiae 333153 11 318, 4. (Vm 331331 33313131134, 14.

Bm1085ri 1113 33133331331333 333- 33 15 (3333 Pompeio 333333333ς
3113113071. 3133331331). 158, Nm>

3311333333 eomes 4131333 magnetem 222, 13 33 13 (3 33113331313333333,
3333311311530,15. 31. 333, 33, 33 et 33 013333ιί3

3331331 11 133, 13. 13331533 415, 11). 353, 33 (reguum

Beelzebub 11 433, 33. 3 333 datum> 351, 33 (Varronis

Bellerophon 11 384, 3. libri 33 0. pontificum 3331331). -

3311333 133, 2. 134, 35. 153, 30. 03333333 1 154, 13. 11 334, 3.
3331133, 3. 134, 33. 333, 13. 333, 33.

333, 33. 344, 13. 353, 17. 337, 7. cmm 11 310, 3.

13013333333333 (3113333113, 13. 03131451, 35. 11 34, 10. 53, 33.
30, 30, 34. 153, 14 11 330, 10. 35, 3, 17. 37, 33. 33, 4, 10, 37.
543103. ciuilia 1 101, 5. 103,, 33, 13. 70, 31. 71, 13, 35. 73, 3.
15. 150, 10. 153, 33. 153, 3. 157, 73, 11, 33. 75, 7. 33, 33 30 3 35.
30.158,3.153,3.130,3.133,3. 313333, 33. 37, 5. 22, 3, 33
333, 22. 334, 13. 1131, 12. 343, 101, 17, 33. 103, 4, 33. 103 3
33. 331, 21. 384, 10. 3133333331 104, 7, 14. 105, 3, 37. 111, 15.

- 1 153, 31. 357, 13. b. 3333113 I nomen 1333333333333 33333313 Π,
1533131813. 333131131 153, 33, 2. 37, 14. 31. 103, 33.
3.11343,33.384,10. 031333 11133 13313333 11 130, 13.

3313333 333 43331133 11 371, 13. 144, 13.

Belus 333 Assyriae 1533, 1111133, 031333 111133 nno· 11 31, 38. 33, 31.
13. 153, 3, 34. 333, 34. 333, 13. 0313313 3131333 Numidiae 13333 013·
370, 5. 335, 5. tam 33 Hipponem Regium 3133

Beniamin (331133) 11 333, 30, 33. (33333313. eontra litt Potil. Π, 33,

33333333ὴί3 muter l 33, 34. 228)ss 305, 11. 308, 303131333313

333133 11 333, 8. 344, 2. ¹ 11 31. 18. 333, 33.

313311 303, 7. 03133331 173, 12.

1313333333 11 80, 34. camin» 3 vergilio 3313133331 133, 3.

 

