 

saurae scripturae. 681

Aet. 17, 28 ...... 1 370, 4. Rom. 8, 24 ...... 1 651, 17.
17, 30 ις. ...... 11 359, 88. 8, 84 sq. .1489, 18.11 98, 7.
Rom. 1, 3 . . 11 284. 5. 305, 27. 379, 19.
1. 11 sqq ....... 11 80, 19. 8, 85 ........ 1 3, 13.
1. 17 . . .1187, 18. 11498, 89. 8, 28 sq. . . ,1 18, 15. 849, 19.
1, 19 sq. . . 1365, 25. 869, 83. 11 858, 8,
373, 25. 8, 29 . . . .n 858, 20. 568, 86.

1, 80 ........ 11 083, 16. 61918884, 8. 625, 6.
1‚21. .. .. .1·445, 1. 3,38....11183,6.815.13.
1, 21 sqq. . 1370,.11. 394, 8. 649, 10.
11 57 13, 8, 87 ........ 11 641,13.

1,85 ........ 1801, 26. 9, 2 . . . ,11 20,28.467„22.
126 ........ 11498395 ........ 11108,1,
1, 31 ........ 11 88, 4. 9, 7 sq. . 1.1182,18.186. 19.
8, 4nqq....'...113,14. 9,11·qq ....... 11187,18.
8,15 sq. ...... 11 500, 30. 9, 14 ........ 11426, 1.
3, 8 ........ 11814, 4. 9, 21 ........ 11 59,19.
3, 7 ........ 11 7,13, 9. 22 qq. . . 1181,87.107,13,
8, 9 ........ 11118, 3. 9, 83 ..... -. . ,11548 81.
3, 80 ..... 11 8, 88. 9, 6. 9, 26 ........ 11 305, 5.
3, 20 sqq ....... 11 430, 15. 9, 27 ........ 11 319, 16.
3, 83 ........ 11 488,12. 9, 88 ........ 11 885, 3.
4, 3 ........ 11165, 9. 10, 3 1120. 24. 818, 15. 588, 6. 21
4, 15 ........ 11175, 16. 10, 13 ........ 11 99. 1.
4, 19 ........ 11 177, 28. 10, 17 ........ 11 250, 28.
5, 5 . . . 1581, 8. 11 851, 88. 11, 5 ........ 11224.18.
5, 18 sqq. . . 11 29, 20. 175, 8. 11. 11 ........ 11 345, 12.
545, 88. 11, 17 sqq ....... 11 534, 18.
8,4....,....11454,15,11,80 ........ 1114,11.
6, 9 . . .·1589. 9. 11240. 22. 11. 90 sq. ...... 1158313.
8,18 sq. . . 1187, 15, 841, 4. 11, 38 . ,11 551, 25. 583, 13, 83,
6,13 . . .1455,13.11 70,31, 11,33 . , . 149, 15. 11486, 8.
8, 88 ........ 11 339. 14. 18, 1 aq. ...... 1 455, 84.
7,12 sq. ...... 1 881, 8. 12, 2 ........ 11 684, 10.
7,17 ........ 11 70, 85. 18, 3 ........ 1 594, 26.
7. 83 ........ 11 834, 80. 18, 8 sqq ....... 1 456, 17.
8. 6 ........ 11482,18. 18, 18 . . . ,11316, 11. 358, 83.
8, 10 ........ 11 483, 16. 18, 15 ........ 11 80, 17.
8,11 - ....... 1848, 26. 18, 16 ........ 1 50. 2.
8. 13 sq. . . 11 586, 14. 545, 15. 18, 10 ........ 11 587, 9.
8. 15 ........ 11 83, 13. 14, 4 ........ 11 454, 88.
8.18 ........ 1 851, 7. 14, 9 ........ 11458, 1.

8, 83 ........ 11 487, 18. 1. eor. 1, 19 sqq. . . . 1 495, 16.

