 

Virro,

Vmo,

graecorum et latinorum. 691

r. din.1.111.54· ....... 1282, 80. 288, 18. 298,28.
541) ...................... 1 288, 5.
55 .......... Ι 182, 18. 204, 5. 277, 24. 280, 19.
58 . . .................... 1 204, 28.
58. ............ . .......... 1174, 1.
581) ................. 1 205, 12. 11 411, 11.
59 ‚ . ..... 1 174, 5. 205, 9. 288, 8. 809, 11. 11 801, 8.
80 ...................... 1 208, 12.
r.‹nu.1.xlvfr.8 ............... 1298, 9.
4 .............. 1802,17.808,18.,804 8.
8 .............. 1 802, 20. 808, 17. 804, 4.
7. .......... 11784802,2080817.804. 4.
‘lb ................. 1 289. 22. 11 285, 9.
9 .............. 1178 8.802,24. 808, 20.
11 ................. 1 808, 8. 804, 1, 17.
18 ....................... 1 178 5.
14. .............. 1178, 8.188, 27.208 1.
171) ...................... 1 178, 12.
18 ..................... 1 178, 14.
19 .................. 1 178, 8.189, 1.
20. ............... 1172,.,.,51789189 1.
22 ...................... 1 178, 10.
28. ....... 1 172, 8. 178, 20. 178, 10. 189, 2. 208, 5.
24 ........... 1 178, 18. 189, 2. 208, 4. 818, 28.
25. .............. 178, 4.,208 5. 289, 2”0.
28. ...................... 1 189, 2
27 .................. 1 189, 8. 805, 5
29 .................. 1 189, 8. 805, 8
‘³02 ...................... 1189, 4.
81. ...................... 1 178 18
82. ...................... 1 178,18.
88 . .’ .................... 1 172, 8.
84 .................. 1 172,8.178,17.
85 ...................... 1172, 4.
87. .................. 1 178, 17. 188, 18.
88 .................. 1 178, 18. 188, 18.
89 ...................... 1 188, 18.
40 .................. 1 178, 18.188, 17.
41 ...................... 1 189, 28.
42 ...................... 1 188, 18.
48. ...................... 1 805,12.
481) ...................... 1 188, 17.
44 .................... . 1 178, 19.

“0

