718 1010000010οω

10110000οω00 0. Arion. 313, 1. 321,5,13,15.323,13, 21.
Meuia 1110000. 330, 18, 11. 380, 3. 502 0 503,
11010000 11 303, 28. 310, 23. 24. 11. 504, 10. 314,,4.
111100100 0. 1100100. 11000101 133, 14,
11100110000 0. 8000000. 11000000 11 285, 21. 321, 2.
00100001 104, 3. 233, 13. 284, 8, 22, mutinum 0. carthago.
24. 235, 25. 233, 21. 101000010001 112, 3.
11100000 (0. 110101110οὶ00, 10001100, 1100000οῐ 234, 14. 11 283, 12 (0010
1011) 1 8, 22. 111, 1, 21. 115, 1. 1000000001011).
113, 25. 118, 2. 188, 11. 248, 28. mysterii (0. Graeci) 1 103, 3. 308,
238, 10. 302, 3 (0 Varrone inter 21 (10 Varrone 01. 303 0. 310, 2.
00100100 1000 0000000000100 01. 343,13.11 283100180001100000).
305, 18). 305, 12. 303, 23. 301, 2. 330, 4. 331, 3. 382, 30 01. mysticus
325, 2 (0011000 0011000 0000 1100- 408, 14. 482, 4.
1010ος 01. 018). 343, 24 (11000
intellegi 0011 Ρ1010,· 01. 344, 2). 1100100οΠ 144, 24. 151, 23. 152, 4.
413, 5, 1, 3. 11 21123110110010, 151, 3. 135, 4.
muliorum 0000000 10000010, 100 11000000 Sym 11000. 18.
0001110). 211, 13, 20, 35 (1 01 11000100 Gn. Scipioni maledixit 1 11, .
Neptuni 11ος 01. 218 0. 213, 20, 25) 1. 15, 3.
213, 13 (cum 100000 0110000010 11011100 11 208, 2. 232, 23. 243, 23.
00010 00000 000101). 281, 21 (0101 244, 5.
10000010). 110110000111 124, 2.
linos 11 282, 2. 110000 11 310, 20.
1110010000011 283, 24. 1100ου111000. Diem
11010000000001100100. 1101000110 11 122. 12. 133, 15. 145,
0001000010 (0. martyres, prodigia) 1 11. 148, 13, 25.
508, 3. 11 133 0. 140 0 283, 28. 110010123113.
231 0. 511-522. 524, 22. 532, 5. 1100100000 (0. 11100000) 180, 3. 110,
580, 30. 530 0. 535 0. 22 0123 (ci. 111, 3. 12100000·
Mithridaten 143, 10 (01000 1100000οο 10011 seruiit). 114, 20, 21. 111, 23.
00011110011).10110001111100110110000 203, 3. 302, 8 (inter 1000 00100100
(0. 10001100) 000 quinginta 00000 0 1000οο0 commemoratu). 314,
001000 0011 258, 4. 14. 324, 13. 331, 11, 22. 333, 16.
111010000οι 0. 11110000. 334, 8, 12. 344, 3. 112821820,
1000800001133,3. 1100012584. 253, 24. 11 334, 13
00000100100101 31, 1. 34. 2. 40, (001000 christianorum penocutio;
12. 41, 3. 11 313, 23. 382, 12. 01. 355, 13. 412, 31).
100000 1 313, 3. 458, 15, 20, 24. 111100 Π ΠΟ, 6.
453, 12. 433, 21, 28. 588, 21. 345, Nineue 11 122 0. 383, 14, 21. 553,
18.1146,22.88,1. 120, 4. 133, 29. 551, 2. 531, 24.
21. 201, 4, 22. 202, 3, 20. 204, 1110001100 11008, 25. 431, 11, 20.
24. 203, l, 4. 231, 24. 213, 3. 230 0. 531, 14, 22.

 

