De 3111111113 dai 1111. ΧΠΠ. IVHH. 31111. 54, 1. 363

exponenda 311111, 1133311131 3113113 huius 13113133331 13113 patitur„
argumenta. mortalium, 1111111113 sihi 11131 beatitudinem 133313 13
huius 31133 infelicitate 1111111111 311111, 111 ab 3311113 1313113 113313
31133 11113113. quid 1111131311, 11113111 Deua 1131113 1131111, 31 133 11133,
11 hm 331 3313 beatitudo, 11113111 1131311, 3113 1331111111 33313111313
1113133, 3311 adhibita 3113111 13111133, 1111313111 propter infideles
1133333133 3111113313, 1113133331. Β3 11311133 331111 1131131331 31
1331313111 1113113 31 13311131131131 13131 33 111111333ρῇ1 3131131313311
113331 3333311333111 1113111113 1313311333 3313311133 1111133113 3311311
111 3111111,ᾧ quid 31113131 ’1131313313 11331313. Illud 3111111 331 finis 113111
1133111, 1113111131· quud 3333133113 3331 331313, 11133111 31113111
propter 33 11133111ς 31 illud 111113 111311, 111311131- 1111311 31133113
flunt 331313, ipsum 31113111 1111111131· 33 1113111111. Finem boni ergo
1111113 1113131113, 1133 1133 33333133131. 111 11311 311, 3311 1133 1131-
u. 11313131, 111. 1113111131 311; 31 1133111 111311, 333 qun 3333 11331331,
3311 11113 11311113 1111333113 perducat. Fines ’1131133 1311 33111 311111-
13313 hunum 31 3331311131 13311113. [13 3313331333313111113
31111113 111 hat: 11113 3111111113 11333 adipis-aiendo„ 1111311113 31113111
3111311111 111313, 3111113111, 31331 11131, 131131333111111, qui 3131113111
111 3331331133 in 33331111 11111113 1131111313 1111113331 311311 11311Ῐ 13111311
333, 1133111313 1111131313 31133133 1331113, 33111133 111333 13 1311111111
uh 11111313 3311131113 11331313 permisit, 111 111111 alii 111 31111113,
alii 13 33111313, aiii 13 3111111113 fines ’3113311131 1131131331 31
1113131313, Ex 11113 tripertita 331111 generalium 1113111111111333
13 3311131313 1111311133 Varro 111 111113 113 11311333111113, 13111 31311313
dogmatum 113113131331 111Ιὶ333131- 31 3331111131 3313131113 3111131111,
111 nd 1133311133 neta-:aginta 31 neto 333133, 11311 111133- 1313 3333111,
3311 111133 3333 1111333111, adhibens 1133311331 111331331133 13311-
11133 3313331131.
311 Quod 111 111331131- ostendam* 111113 31131131 incipiam, 11111111
11133 aduertit 31 11331111 111 111113 3133131313, 1111311331 3333
1133311313, 11333 1131311133 3133 magistro. 31113 111111 1133111333

2 111 quibus p 3 1131113 rebus 13 Ἦ clai-iamt ,111 11] 331 3111. e
11 1111311 nm? τι 12 3311131 ipsum 1111 13 ergo 1111111 113 21] 113133

azan* 3 ’.ΞΤ 31 ΒᾙΙΞΧ’ viil* 11 31 1111111 iffi-:911 pez: 31 om„ 1111

