700 Iudex nominum

Aod 11111 Iumelitunum 11114, 28. 2118111180, 22.

Apis, Argiuorum rex in Aegypto 1111811818.

· 11111111,8111111 111111 1181111111 Arnim poete 11 185, 7.
nominis 1111111111 reddit 11111) 11 1111111 (1. eunus) 11 288, 22 (1111·
272, 18. 2781. 274, 12. - 811 1111111111;11.288,2281,24).
diuino honore edieetue 11 218, 24 Amudin 11 288, 8 (u. Pon). 521, 27

Apollo (u.1)elphieuu,ludi, Lyeurgus) (uoboetoe, Δ. 11111).
et Neptunus Laomedonti 1111111811 Arcesila 11 888, 15.
moenie Troiune etmuerunt 1 110, 1111111111 128, 18.
22 eq. 111, 811. Apollo, Lutonee 1111111111 philosophus 1 858, 10.
filiun, 111111181111111111101-. 1111111 182, 8.
111111111111111181111284,28.288, 1111111111 11278, 1.
8. Δ.01111111111111121,12111. 111111 pegus (unde nomen (inerit
umbiguum oruoulum edidit 188,18. 71π111111111)11278, 28. 274, 8.
8.(1111111111177,28.824,12.11277,11111111111, 211111111 111 iilius, 1
24. 278, 28. 281, 28) (1111111118 188 u. 188, 25.
1111181118111811111111111111411, Argi 1 284, 15. 11 275, 5.
27. 412 1. 418, l, 5, 8. 415, 5, 18, Argiuorum nege· 11 271, 8, 11, 17.
80). medlenti 188, 251 11. 824, 18. 272, 12. 274, 14, 10. 275, 18. 278,
11.11111811284,8.1118111181 284, 10, 18. 277, 12. 280, 8. 281, 2.
10. inter (1111 1111181111 Varrone 288, 11. 821.28.
commemoratus 802, 7. 111111 1111 Argolico· 11 271, 18.
(1111111824, 14. 11. 825, 12. Argue 11114 u. 275, 5.

1111111114, 28. 8,28. 78, 27. 284. 1111111284,22.Π 858, 5.
8. 500, 18. 518, 22. 11 105, 12. 8111111101) leuen.
114, 2. 214, 22. 280, 10. 255, 2. Arion 111181111111127, 18.
840, 8848, 21. 854, 2. 858, 18. 1111111111 1 858, 10. 412, 18, 18.
880, 28. 881,8.507,11,18.580, 14. 11 888, 5.

Δ11111111874,25(111111111111111 Aristobulo· 11 825, 28. 842, 8, 15,.
81111111111181111 extitit). 818 1. 1884815.
(11111111181111111111111111881, Aristodemuueeior engiens 18 11111-
4, 11. 882, 8,· 22. 888, 21. 884, ln· niuuuibuu legetuu 10 Philippum
880, 28. 400, 7. 408, 18 417 1. 1111111178,10.
418 1. 418 1. 4201. 482, 5. 481, 1181111111 1111111111 11111111111111
21). 888, 8 (111111111111111111111 1111111111 moriem 1111118111·
non 111). 11 280, 5 (in libris, 1111 menum 1111111111 petenen 811111-
1111· nerei titulo ineeripeit, eibi tutem 11111111111121,18,24.
1111011111111111101111,1111111-111111111111 1 874, 12. 411, 8. 11
11111111 fluuii). 018, 18.

Apuli· 1. (ingenue. Aristotelici 1411, 8.

Aquilo (quem interpretem 110111 Διω111111111111111111111111271,10.
1111111 1111111111) 1111111111- Armenio 18 1111111111 Persiu 11111111
niuniu Lxx 11 112, 28. 888, 18. 1201, 4.

 

