698

82. 19. 89, 24. 99 6. 92, 28. 95,

Index nominum

nnrrntio; 61. 7, 22).111,1 (66 661·

29. 96, 8, 14 (nomen interpretetur gire, 66666 pertin, 66666616 61. 112,

homo). 97, 5. 6. 99, 16, 17, 29.
199, 16. 191,12,25.192, 11, 15.
196, 25. 194, 5, 8, 16. 195, 2, 8.
196, 11. 197, 19, 16. 116, 17. 141,
24. 146, 29. 159, 25. 162, 21. 167,

19. 16. 22. 119, 29. 114. 6. 122,
8 [66 76616616 616 666666166129,
616. 279, 19. 474, 12], 9. 126,
19, 22. 129, 6. 11 199, 7. 292, 22,
27. 299, 15, 17. 294, 1 22) 124,

18. 176, 6928, 9, 991, 2. 646, 6 ’ 27 (16661616166; 61.482,17).127,
995. 1811361697. ll· 999. 21· 6) 1666666616 demente 61666616
Adeone 1 189, 9. 995, 6. regrum exercente 61. 414, 16). 162,
Admetus 11 285, 1 (61. Apollo). 2 (6666 1665666661 11 299, 2. 294.
466666) 1 286, 8. 29). 11 19, 19 (66661616 66 oor-

46666666 6661666666 mathematico· 6 pore redituri· 66666666).

7666666 6616666 11 591, 4. 1166616661 124. 7.

466161666, rex Sicyoniorum, 11 279, 5. 466166 1 7, 17.

Aegyptii 6. Aegypton (6. 66666, 4616, 66666166 1 144, 14. 298, 16. 242, 29.
66666661666,11666667616666616666, 249, 14. 269, 14.
1616166,96161621666662661666666, 4666111666 46166166616,66666661666666
9666616) 166, 2 (bertier 66166661. 66666666 666166ιί6666. 6666 66511-
494, 21). 969, 4 (666166666 165111 erm 6666661616 1 79, 8.

6666; 61. 979, 19. 11 129, 6. 927 6. 4666616666, Argentini 661 66166, 1
999,1,25 66 Porphyrii 66 Aegyptio 189, 9, 15. 199, 26.

· 666166661661616661467, 19, 17). 46666166166 Ι 122. 22 (Epidauro
972, 12 (6661666666 46691666 per 66661616 66 9666616;61.198,26.199,

interpretes 6161616; et 668, 24. 971,
26). 996, 9 (1666166 propheten 61.
998, 8).11·149, 26 (ex 11666616,
6116 chem, perhibentur exorti). 158,
27 (regnum 66616666) 61. 169, 19.
419, 26). 169, 29 (4666166666 61. 161,
2, 9. 199, 24). 179, 5 (flumen 61.
296. 22). 289, 2 (diluuium 116666-

11. 474, 14) - (6666666 11. 66166·
616) 129, 5 (666665 66666 66666666).
149, 12 (1666666 66 666666666 66661-
lentie reoniit; 61 6. 9 66 18. 189,
25). 199, 14 (Varro qnor 4. 666·
6116666666 616 61616) 198,1 (nomm
6666161666 deteriore Varro 61616;
61. 962, 9. 499, 26. 494, 5).

116616 66 Aeg. non peruenit). 621, Aethon 11 295, 28. 241, 18.

29(6666).-661666611166616 66661- 466116666 11 149, 27. 914, 9. Aethi·

, tote Aegyptie 61297, 29. 298, 9.

66166212, 1. elo, 6.

976, 12. 458, 16. 17. 25. 672, 9. Aetne 1 164, 8. 4666661 ignee 1 169,

11 79, 25. 198, 26. 159, 15. 158,

16) 6111517, 9,

18. 168, 19. 21. 169, 6. 195, 2. 41666466666616666166.
196 6. 197, 1, 19, 25 19819299, 4161661159, 29. 169, 22. 489, 6.

29. 261 e. 296, 16222, 17. 272, 17,
24279, 1. 274, 18. 2766. 276, 6.
289, 2. 281, 8. 968, 29, 29, 26.

466666 1 6, 11 (66 ’166166 6661616

11 197. 22. 159 6. 942, 22. 961, 22.
529, 16.

4161666 (nentur eine regio terroe) 11

162, 4. 199, 16. 919, 11.

 

