70ss 16166 nominum

86116611286, 14. luceretur 11 278, 28. 66 616, qui
December 1 812, 8. 66616661666661, 66616616661661
Decii 1 187, 20, 21. 241, 27 poetae theologi 285, 20. sucum
Doulou 11 854, 186661166016616116· regom 8616161 16 6666 rettulerunt

66666 6666666116). 188, 4 (61. 6161666 honore· 6
8616116661 284, 16. 11 277, 24. maxia, Latinio, 1166666616 66666-
284, 16. tou). posteriora temporo 6666166661-
11666666166 16 lupum 6616166 ene 666 6661666666166111666661, 16666
61611666 766666611288, 1. ub 66116616 instituto· 661666 666
1166661166 11 277, 4. 278, 82 (66 61- 66611166661 801, 4, 6161166 1666666
16616 Varro 6661111). 16611 6111 66 6661611666 161666 6666
8666666661280, 22. 862, 12. Herculem et Romulum ex
61 (6. Assyrii, philooophi, Plelo, hominibus 6666 6666 166166 016666
Platonici, 666166, 6166166667666). 6666661587, 1.
peregrini 6 11666616 recepti I 78, ,61666166 1 581, 26. 582, 11. 588, 2.
8. 122, 12. 128, 716666661661 584, 4, 8, 20. 586, 22. Π6 6. 7,
12212666 6666 6666 Herculum, 1, 10. 88, 2. 56, 17. 58, 25. 110,
1666616ρί66, (lentorem, Pollucem 18. 250, 8, 11. 261, 11, 12, 17.
(ull 286, 8), 666 humone 66661· 884, 5. 851, 28. 852, 18. 886, 11.
61666 661661666 86666616 61666161 440, 25. 448, 5. 414 6. 446, 18.
1188, 26 66 Euenum 61. 284, 20. 447, 5, 16. 448, 18, 21450, 25.
841, 7, 66 Num 111616 852, 12. 455, 27. 456, 11. 458 6 460, 4. 7,
botentin: 6666 campumbonum 21. 464, 12. 474, 20. 475, 8. 512,
diuini 6666 6 666, 66 (oe 5050· 66. 666, 66. 551, 66. 555, 24. 666,
61. 11 288, 2, 66 Auentino 11 284, 4, 15, 27. 558, 8, 28. 558, 8. 561,
26, 66 Romulo 11 800, 27). 666 16. 642, 25, 26, 27.
Pione 61 1166666 61 466666 et 81611616666180,1.154,22.
Romuleo 661 61166 Herculeo 61 Dione 1 122, 2 (06611166 661611).
1666616616 61 1116661766661666 178, 2. 284, 14 (theatrico 61661666).
666 elium iuniorum gentium 61 802,8(6 7666666161666666 66166166
hominen 161666 6 Leone Aeyyolio 6666666616 61. 825, 12). 824, 15
(61. 406, 17) produntur 1 862, 4, (166661616666 6666666).
8166 61666116 hominibus 16 666· 8166661661 178, 5.
666 numerum 6616116 u pinoteren 8166161666 11 854, 18 (666166
Angue, 81666666, 1166666666, Phe· (1166116666 persecutio).
gono,Stercee,Telxion).deoergypli Diogenen 6666166616 auditori 856,
homiues 161666 Herm 7616666- 6. 8361666 Π 48, 28.
fietus 1666, 18. 408, 2 61 (66 Diomedes 16, 18. 11 288, 2(·leun
1666616616,116666616)2661661666, 166166 61. 282, 6, 11614 611116
quod digito 161116 inpresso 66666- medea 166616 11 288, 8. Diomedeae
6666 uideretur, 61 silentium 16661, 66166666 Graecis 61 6666616666

significari Varro existimet, ot; blandientes 11 288, 8, 10. 281,
hominen Isidem et Serapidem loiseel 28).

 

