 

aner-esacripturne

2. Cor. 8, 9 ...... 11. 215, 26.

aph. 4, 18 .

683

. 11 619, 16. 623, 20.

9, 7 ........ ·11 19,16. 625, 4.
10, 12 ........ Ι 597, 28. ,4, 14 ........ Ι 895, 26.
11, 2 tq. ...... 11 20, 21. 4, 26 ........ 11 66, 17.
11, 8 . . . . 1114.11. 28,10. 5, 8 ........ 156214.
11, 14 . . . . Ι 108, 14. 468, 18. 5, 14 ........ 11 454, 17.
Π887,6.525,22. 5,25..,...Π47,.,2569 1.

11. 29 ........ 11 585. 21. 5, 28 tq. ...... 11 71, 22.
12, 5 ........ 11 20, 6. 5, 29 ........ 1 648, 26.
12, 21 ....... .11 21, 8. 6, 5 .. .,1445 21, 11401, 8.
18, 4 ....... , . 11 126, 14. Phil. 1. 18 ...... 11 126, 2.
6ι1.1,12 . ..... 11 20, 12. 1, 28 . . . . 11 18, 27. 20, 19.
1, 24 ........ 11 280,12. 2, 7 ........ 1 480, 26.
2,16 ....... ” .11 8,8 2, 8 ........ 11 85,17.
2,20 ........ ΙΙ20,18.2,12.........ΙΙ14,9.
8,6 ...... ’..1Ι165, 9. 2,18 ........ 11584, 9.
3. .11 . . . 1.Ι 8, 2. 878,18. 8, 7 tq. ...... 11216, 6.
8,17... 11158,19.1698.3,1'4.‚ ....... 112o,16.
8,19.... 1486, 27.506, 8. 8,19 ........ ῙῙ482,17.
8, 27 ........ 1 651,14. 8, 20 ........ 11 450, 14.
4,9 ........ ΙΙ584,.19 4,7 ........ Π656,20.
4, 21 tqq ....... Ῑ1 60,14. Col. 1, 18 ...... 11 442, 22.
4, 22 sqq ....... Ι 645, 17. 1, 24 ........ 11 627, 22.
4, 24 . . . . 11 185, 26. 281, 20. ’..·, 8 ........ 1 869,19.
4, 26 Ι520,20.Ι1181,20.480, 22. 8,1 . . . . 11 806, 4. 454, 18.
5. 6....ΙῙ422, 5.567, 8. 8, lnqq...11215,1.,.45011
5, 17 . . Ι 681, 27. 11 65, 24. 8, 8 ........ 11 468, 12.
70, 119. 375, 17. 8,18 σῃ... . . 1 16, 21.

546, 1. 640,16. 8,19 ...... 11 47, 2.

5,·19ιςᾳ . l.1‚.,31956422.1'1'h0u44⁸q. . ..1138,7.
5, 20 ........ 11 6, 20. 4, 5 ....... 11 569, 8.
5, 21 ........ 11 566, 20. 4, 18 sqq ....... 11 475, 16.
6,1....1119,.20 66,14. 4,17 ........ 11494, 5.
6,2 ........ 11 66, 9. 5,5....1520,20.568, 1.
6, 8 ........ 11 218, 8. 5, 14 tq. ...... Ῑῐ 66, 10.
6, 4 ........ Ι 286, 12. 2. Thou. 2, 1 sqq. . . 11 471, 1.
Eph. 1, 4. Π228,16.848,22. 442, 22. 2, 8 . . . . 11 857. 1. 457, 22.
1,18 ....... . 11 661, 1. 2, 9 sqq ....... 11 474, 10.
1, 22 tq. ...... 11 628, 10. 1. Tim. 1, 5 . 11 58, 25. 217, 19.
2,14 ........ 11 805,12. 2, 2 ........ 11 421, 10.
4, ⁹⁸⁴1· ...... 11218,29. 2, 5....Ῑ485,19.5,18,11.
4, 10 sqq ....... 11 626, 29. 651, 22. 11 116, 25. 547, 28.
4,12 ........ ΙΙ626,.,1214........ΙΙ.29,9.

