726 111151 n'onrinurn

Graecam linguam 15151111, ab 11151- 31511111. Aetnaei ignca, Agrigentinua,

1115 pontifice ad Ptolomaeum bellurn aernile.

Philadelphum 111111 (qui 1111551 Sicyoniorum reguum 1111111151,

1115151151115111151511111511111111 13. 268, 26, 29. 1535111 270, 4,

diuinae prophetice interpretati 1111 3, 10. 271 1. 272, 8. 274,16.275,

1372, 6. 1111, 11. 335, 23. 341, 5, 13. 230, 3. 281, 2. 232, 25, 28.

23. 504,16(11 codiee e Pe. billio 31151 11 431, 7.

cneco deacripie 5. 11 83, 22. 64, Siluani 11 110, 5.

12). qnorum interpretatio opponitur 3111111111 290, 14, 18, 23. 232, 5.

Hebraeorum codicibus 11 73, 11. 31111111233,15.234,1.

88, 7. 88, 17, 112, 27. 113, 6. 145, simplicianus episcopua 11511511151111

3. 210, 21. 336101. 1011111111 1493,19.

editione uerba 111111 337 a. 338, 5, 1111111111 deorum 1 12, 2, 138, 4. 202,

1333, 8, 28. 340, 3, 6, 3. 348, 12. 20314264, 23. 284. 3.-289, 5.

13. 417, 3. 504, 7, 16. 509, 4, 3. 312, 17. 313, 11, 332, 12, 20. 400,

510, 5. 653, 17. 19. 11 301, 6. 15 Varrone u. 1
acpnlcra ubi apparuerant incredibilia 174, 1, 7. 205, 10. 263, 6. 308, 25.

magnitudinis 5111115111111111175, 303, 13, 19. 343, 22.

23; 51. Uticense litua. Sina 11 60, 21. 201, 25. 202, 21. 231,
Serapis u. Apin 2028310. 311, 17, 21. 360, 5.

Sertorius 1 157, 24. 1311115115 5111511111 11111111 11515111
35111511 11 144, 24. 11101, 5; 51. 1111111111.
G. Seruiliae praetor 1 153,·4. 3151 (1155111113 51111250,4).1507,

33515111111131115155511111113727. 711251, 1, 26. 252, 1. 309, 14.
Seth interpretatur⁴reaurrectio' 11, 36, 311 1. 321, 21. 850, 14. 360, 7.
6. 37, 18. 38, 3. 107, 4. 112. 13. 369. 2. 437, 1.
ci. 11 73, 12, 30. 77, 3. 80, 11, 27. socratam.philosophial’lata) 13571.
82, 18901. 91, 3. 95, 27. 96, 21. (21 15511115151). 377, 17 (daemo-
98, 14. 99, 15, 22. 100, 17. 101, 11111ς51.3731.407, 1).1118,15
22· 1⁰3. 2· 104· 7· 105, 11064, (Alcibiadem mirarum eaac quoniam
15.111,15.114,6.115,14.1301. 1111111 caret demonatrauit). -
148, 3, 6, 21. Socratici 1111, 26. 358, 7. 412,
Seuerus epiecopus 111151111111 11 13. 11313. 7.
520, 14. 3515111 1458, 8, 1011161, 10. 162,
Sibyllae lI 297, 7 (Varro prodit 2. 163, 25. 164, 1. 178, 28. 180,
ρ11151111111),8 15 Christe prophe· 11. 431, 9. 522, 3. 529, 7. 533, 15.
1115; 51. 299, 18. 300, 7. 344, 28. 3511111115 11 163, 27. 178, 26. 523,
S. (1111511493, 14. 11 299, 13. 12. 561, 21. 331, 3.
3. Erythraeae cannen 1111551111 351 1 191, 18. 302, 8 (inter 1551
prolatum 11 297, 6, 14. 239, 12. 15151111131151555111511511111).
300, 10. S. 31111111 301, 18. -1 325, 11; 11. 11332, 27. - 15111
libri Sibyllini 1 140, 13. 141. 17. 151551151 130, 7, 11. 131, 3. 355,
31511515Η160,7. Ι 14.11531,26.

 

